0.863128 0.005229 0.128015 0.003628
0.003628 0.619158 0.005229 0.371985
0.003628 0.005229 0.005229 0.985914
0.003628 0.496372 0.128015 0.371985
0.617556 0.005229 0.373586 0.003628
0.003628 0.864729 0.005229 0.126414
0.003628 0.128015 0.128015 0.740342
0.249199 0.619158 0.128015 0.003628
0.003628 0.005229 0.741944 0.249199
0.249199 0.373586 0.373586 0.003628
0.617556 0.128015 0.128015 0.126414
0.126414 0.373586 0.373586 0.126414
0.126414 0.005229 0.864729 0.003628
0.126414 0.373586 0.005229 0.494771
0.003628 0.005229 0.864729 0.126414
0.985914 0.005229 0.005229 0.003628
0.003628 0.373586 0.496372 0.126414
0.126414 0.005229 0.005229 0.863128