0.284080 0.005961 0.145934 0.564025
0.004136 0.145934 0.145934 0.703997
0.983942 0.005961 0.005961 0.004136
0.004136 0.985767 0.005961 0.004136
0.004136 0.005961 0.005961 0.983942
0.284080 0.565850 0.145934 0.004136
0.284080 0.145934 0.565850 0.004136
0.144108 0.705823 0.005961 0.144108
0.144108 0.285906 0.145934 0.424053
0.424053 0.145934 0.005961 0.424053
0.004136 0.145934 0.145934 0.703997
0.424053 0.565850 0.005961 0.004136
0.004136 0.005961 0.985767 0.004136
0.703997 0.145934 0.005961 0.144108
0.284080 0.005961 0.705823 0.004136
0.004136 0.005961 0.005961 0.983942